        1      2      3      4      5      6      7      8      9     10     11     12
   -------------------------------------------------------------------------------------
 1|     1|1    2|2    3|3    4|4    5|5    6|6    7|7    8|8    9|9   10|1   11|2   12|3
 2|     2|2    4|4    6|6    8|8   10|1   12|3   14|5   16|7   18|9   20|2   22|4   24|6
 3|     3|3    6|6    9|9   12|3   15|6   18|9   21|3   24|6   27|9   30|3   33|6   36|9
 4|     4|4    8|8   12|3   16|7   20|2   24|6   28|1   32|5   36|9   40|4   44|8   48|3
 5|     5|5   10|1   15|6   20|2   25|7   30|3   35|8   40|4   45|9   50|5   55|1   60|6
 6|     6|6   12|3   18|9   24|6   30|3   36|9   42|6   48|3   54|9   60|6   66|3   72|9
 7|     7|7   14|5   21|3   28|1   35|8   42|6   49|4   56|2   63|9   70|7   77|5   84|3
 8|     8|8   16|7   24|6   32|5   40|4   48|3   56|2   64|1   72|9   80|8   88|7   96|6
 9|     9|9   18|9   27|9   36|9   45|9   54|9   63|9   72|9   81|9   90|9   99|9  108|9
10|    10|1   20|2   30|3   40|4   50|5   60|6   70|7   80|8   90|9  100|1  110|2  120|3
11|    11|2   22|4   33|6   44|8   55|1   66|3   77|5   88|7   99|9  110|2  121|4  132|6
12|    12|3   24|6   36|9   48|3   60|6   72|9   84|3   96|6  108|9  120|3  132|6  144|9
   -------------------------------------------------------------------------------------
        1      2      3      4      5      6      7      8      9     10     11     12
